Vetor representando a Partição 1:
[   0    0    0    0    0    0    0    0    0    0    0    0    0    0
    0    0    0    0    0    0    0    0    0    0    0    0    0    2
    2   22   24   30   52   58   64   96  108  108  150  180  164  204
  254  240  216  222  256  262  192  214  176  210  198  166  154  172
  166  156  148  178  134  128  136  152  108  142  126  104  110  154
  160  204  228  214  286  280  296  310  374  410  384  418  388  494
  484  490  594  582  712  760  764  884  932 1038 1266 1532 1714 2030
 2146 2602 2306 2278 2288 2090 1960 1688 1704 1488 1328 1292 1204 1182
 1044 1232 1224 1102 1186 1248 1278 1300 1394 1518 1610 1614 1666 1834
 1924 1970 2058 2214 2046 2044 2000 1756 1396 1220 1094  828  896  780
  758  802  708  702  682  638  600  604  684  578  604  622  566  688
  800  842  874  980 1022  960 1090 1066 1082 1046 1032 1116 1116 1004
  972  958  962 1034 1080  950  754  696  498  472  408  324  320  300
  328  302  256  270  288  262  296  242  264  258  244  250  204  200
  186  136  134  100   92   94   96   88   60   90   70   70   60   52
   56   62   34   68   38   40   46   54   44   48   30   36   24   34
   22    6   14    2    6    2    0    0    0    0    0    0    0    0
    0    0    0    0    0    0    0    0    0    0    0    0    0    0
    0    0    0    0]
 
Vetor representando a Partição 2:
[   0    0    0    0    0    0    0    0    0    0    0    0    0    0
    0    0    0    0    0    0    0    0    0    0    0    2    8    4
    8    8   22   34   48   50   86  120  164  264  320  414  524  712
  874  974 1126 1202 1288 1264 1274 1398 1304 1292 1218 1074 1066  956
  900  672  554  496  478  366  312  270  258  204  204  200  162  146
  164  168  152  124  116  158  132  144  114  132  144  150  164  144
  148  148  158  172  206  214  184  190  180  200  178  192  180  256
  200  206  222  254  274  300  346  384  400  358  440  410  394  432
  510  558  464  498  488  506  630  686  668  768  802  828 1082 1094
 1128 1176 1100 1038  828  752  622  492  520  398  422  446  546  622
  754  996 1162 1330 1416 1410 1336 1306 1294 1344 1422 1676 1942 2238
 2428 2606 2714 2494 2334 2236 1904 1594 1440 1236  970  800  688  546
  470  436  394  392  412  370  412  408  460  462  456  472  492  496
  500  472  472  508  580  606  524  548  672  718  786  904  862  974
  918  980  940 1022 1110 1124  950 1032  954  892  784  760  700  644
  544  532  500  402  344  328  346  270  350  270  238  266  252  268
  188  130  122   96   94   34   22   18   10   12   16    0    0    0
    0    0    0    0    0    0    0    0    0    0    0    0    0    0
    0    0    0    0]
 
Vetor representando a Partição 3:
[   0    0    0    0    0    0    0    0    0    0    0    0    0    0
    0    0    0    0    0    0    0    0    0    0    0    0    0   20
   32   68  114  182  214  288  358  524  598  726  864 1082 1158 1304
 1410 1604 1700 1758 1836 1980 1950 1926 2044 1890 1870 1744 1704 1614
 1570 1570 1388 1276 1382 1142 1044 1142 1018 1026  930  944  918  844
  950  934  904  860  904  922  846  850  950  954  840  804  762  778
  760  812  810  786  718  768  742  738  756  846  730  738  806  718
  778  856  784  784  792  752  646  862  632  690  678  672  720  668
  714  700  654  674  684  724  848  730  728  846  736  808  790  790
  846  848  848  944  928  892  852  862  846  712  770  784  692  748
  696  624  532  520  508  434  444  442  418  412  426  452  448  446
  424  460  380  422  376  400  398  366  410  412  386  416  420  448
  532  522  570  642  724  752  904  864 1006 1078  950  806  700  536
  434  320  212  152   92  116   98  110   86   76   96   80  108  126
   88  130  112   92  110   94   96   74   86   52   56   48   32   36
   16   22   16   18   14   10    8   10   18    6   10    4    4    4
    4    2    2    4    0    2    2    0    0    0    0    2    0    0
    2    0    0    0    4    0    2    2    0    0    0    0    0    0
    0    0    0    0]
 
Vetor representando a Partição 4:
[   0    0    0    0    0    0    0    0    0    0    0    0    0    0
    0    0    0    0    0    0    0    0    0    0    0    0    4   14
   14   20   32   28   48   44   86   96  128  118  180  202  268  286
  338  470  470  564  610  670  616  666  638  660  668  620  536  582
  518  536  460  514  442  362  358  382  372  402  320  340  342  410
  422  326  376  366  446  452  454  390  452  448  438  450  412  446
  470  474  452  484  484  524  542  556  562  558  616  602  536  598
  604  494  462  536  530  520  544  504  480  458  412  348  394  396
  412  404  370  430  402  408  372  424  408  410  472  528  510  556
  698  638  702  798  792  884 1000 1028 1206 1298 1566 1722 1876 2076
 2282 2174 2216 2328 2298 2312 2084 2266 2164 2004 2092 1864 1816 1792
 1700 1540 1410 1188 1070  910  672  666  618  530  548  504  470  458
  518  468  398  342  454  436  382  328  400  418  350  280  286  302
  302  278  270  314  308  362  342  416  448  522  510  640  620  636
  630  562  490  426  416  494  524  574  714  902 1034 1250 1292 1404
 1298 1346 1360 1244  998  710  580  454  350  244  182  162  108   70
   38   16   10   16    2    6   14    0    4    0    0    0    0    0
    0    0    0    0    0    0    0    0    0    0    0    0    0    0
    0    0    0    0]
 
Partições em um unico vetor:
[0, 0, 0, 0, 0, 0, 0, 0, 0, 0, 0, 0, 0, 0, 0, 0, 0, 0, 0, 0, 0, 0, 0, 0, 0, 2, 12, 40, 56, 118, 192, 274, 362, 440, 594, 836, 998, 1216, 1514, 1878, 2114, 2506, 2876, 3288, 3512, 3746, 3990, 4176, 4032, 4204, 4162, 4052, 3954, 3604, 3460, 3324, 3154, 2934, 2550, 2464, 2436, 1998, 1850, 1946, 1756, 1774, 1580, 1588, 1532, 1554, 1696, 1632, 1660, 1564, 1752, 1812, 1728, 1694, 1890, 1944, 1806, 1822, 1726, 1862, 1862, 1924, 2014, 2024, 2120, 2266, 2232, 2368, 2430, 2642, 2790, 3064, 3236, 3602, 3728, 4158, 3774, 3852, 3884, 3662, 3496, 3438, 3216, 2994, 2858, 2722, 2712, 2678, 2680, 2894, 2712, 2704, 2760, 2886, 3128, 3140, 3198, 3542, 3620, 3778, 4048, 4274, 4596, 4632, 4708, 4994, 4594, 4572, 4474, 4138, 3968, 3628, 3852, 3780, 4010, 4226, 4490, 4596, 4618, 4880, 4904, 4794, 4464, 4618, 4560, 4338, 4544, 4614, 4772, 5164, 5352, 5448, 5378, 5084, 4802, 4506, 4064, 3692, 3550, 3224, 2936, 2836, 2694, 2456, 2492, 2384, 2324, 2410, 2670, 2508, 2452, 2296, 2364, 2430, 2164, 1882, 1798, 1634, 1564, 1372, 1210, 1244, 1268, 1346, 1260, 1316, 1470, 1574, 1636, 1874, 1794, 1936, 1822, 1808, 1676, 1640, 1728, 1806, 1666, 1768, 1814, 1936, 1944, 2128, 2084, 2136, 1914, 1962, 1910, 1732, 1394, 1088, 980, 788, 762, 568, 460, 468, 388, 376, 252, 154, 148, 118, 102, 44, 38, 18, 14, 12, 16, 2, 0, 0, 2, 0, 0, 0, 4, 0, 2, 2, 0, 0, 0, 0, 0, 0, 0, 0, 0, 0]
